1731775736132 0.140625 0
1731775737091 0.21875 1
1731775738007 0.234375 2
1731775738904 0.3125 3
1731775739793 0.21875 4
1731775740698 0.359375 5
1731775741626 0.234375 6
1731775742585 0.296875 7
1731775743514 0.359375 8
1731775744457 0.53125 9
1731775744830 0.3125 0
1731775745789 0.4375 1
1731775746747 0.5625 2
1731775747847 0.53125 3
1731775748785 0.484375 4
1731775749696 0.625 5
1731775750655 0.5625 6
1731775751573 0.578125 7
1731775752511 0.609375 8
1731775753455 0.71875 9
1731775753799 0.578125 0
1731775754690 0.609375 1
1731775755608 0.671875 2
1731775756532 0.625 3
1731775757437 0.640625 4
1731775758346 0.671875 5
1731775759287 0.625 6
1731775760300 0.609375 7
1731775761236 0.578125 8
1731775762357 0.6875 9
