1731775736130 2.304455 0
1731775737089 2.286644 1
1731775738006 2.273968 2
1731775738903 2.26065 3
1731775739791 2.257841 4
1731775740696 2.22811 5
1731775741625 2.233213 6
1731775742584 2.20586 7
1731775743512 2.186891 8
1731775744456 2.164406 9
1731775744828 2.170013 0
1731775745788 2.155231 1
1731775746746 2.104173 2
1731775747845 2.111181 3
1731775748784 2.077879 4
1731775749695 2.014014 5
1731775750652 2.032464 6
1731775751572 1.964298 7
1731775752509 1.941757 8
1731775753454 1.877826 9
1731775753797 1.914847 0
1731775754689 1.878712 1
1731775755606 1.770584 2
1731775756528 1.803108 3
1731775757435 1.707129 4
1731775758345 1.656027 5
1731775759285 1.662537 6
1731775760298 1.581617 7
1731775761234 1.581434 8
1731775762355 1.478385 9
