1731775008751 0.0625 0
1731775009695 0.109375 1
1731775010589 0.265625 2
1731775011509 0.296875 3
1731775012462 0.34375 4
1731775013344 0.375 5
1731775014207 0.359375 6
1731775015124 0.484375 7
1731775016027 0.390625 8
1731775016906 0.421875 9
1731775017259 0.453125 0
1731775018158 0.4375 1
1731775019039 0.515625 2
1731775019926 0.546875 3
1731775020799 0.546875 4
1731775021671 0.578125 5
1731775022600 0.515625 6
1731775023756 0.59375 7
1731775024750 0.484375 8
1731775025667 0.640625 9
1731775026022 0.546875 0
1731775026905 0.53125 1
1731775027775 0.640625 2
1731775028681 0.546875 3
1731775029569 0.640625 4
1731775030507 0.65625 5
1731775031394 0.640625 6
1731775032312 0.640625 7
1731775033235 0.46875 8
1731775034111 0.6875 9
