1731775008750 2.305325 0
1731775009693 2.29704 1
1731775010587 2.271791 2
1731775011508 2.263365 3
1731775012461 2.245084 4
1731775013342 2.223787 5
1731775014206 2.227049 6
1731775015123 2.19433 7
1731775016026 2.192332 8
1731775016904 2.160622 9
1731775017257 2.161259 0
1731775018157 2.154746 1
1731775019038 2.094834 2
1731775019925 2.106905 3
1731775020798 2.048889 4
1731775021669 2.003126 5
1731775022598 2.01974 6
1731775023755 1.948082 7
1731775024749 1.955831 8
1731775025666 1.871776 9
1731775026020 1.912357 0
1731775026904 1.880229 1
1731775027774 1.76167 2
1731775028680 1.792049 3
1731775029568 1.679401 4
1731775030505 1.64952 5
1731775031393 1.65348 6
1731775032311 1.568598 7
1731775033234 1.594201 8
1731775034110 1.479568 9
