1731780783034 0.046875 0
1731780783971 0.171875 1
1731780784866 0.28125 2
1731780785736 0.265625 3
1731780786648 0.40625 4
1731780787708 0.53125 5
1731780788631 0.40625 6
1731780789628 0.484375 7
1731780790751 0.453125 8
1731780791707 0.5 9
1731780792063 0.390625 0
1731780792945 0.46875 1
1731780794008 0.578125 2
1731780794976 0.53125 3
1731780795914 0.546875 4
1731780796817 0.609375 5
1731780797770 0.5 6
1731780798662 0.59375 7
1731780799571 0.46875 8
1731780800463 0.59375 9
1731780800806 0.5 0
1731780801731 0.546875 1
1731780802633 0.640625 2
1731780803518 0.53125 3
1731780804430 0.59375 4
1731780805323 0.640625 5
1731780806228 0.578125 6
1731780807131 0.625 7
1731780808051 0.5 8
1731780808944 0.625 9
