1731780783032 2.302943 0
1731780783970 2.291049 1
1731780784865 2.272864 2
1731780785734 2.271977 3
1731780786646 2.255236 4
1731780787707 2.227034 5
1731780788629 2.231474 6
1731780789626 2.204968 7
1731780790749 2.1984 8
1731780791706 2.172814 9
1731780792061 2.171908 0
1731780792944 2.176721 1
1731780794007 2.120963 2
1731780794975 2.142017 3
1731780795913 2.096693 4
1731780796815 2.032763 5
1731780797768 2.060357 6
1731780798660 1.989901 7
1731780799569 1.992288 8
1731780800461 1.931078 9
1731780800804 1.951624 0
1731780801730 1.944422 1
1731780802632 1.82727 2
1731780803517 1.869455 3
1731780804428 1.761211 4
1731780805322 1.708588 5
1731780806226 1.730768 6
1731780807129 1.63325 7
1731780808049 1.654917 8
1731780808942 1.553255 9
